Users	Hotel
1	2
2	39
3	56
4	37
5	56
6	17
7	60
8	17
9	17
10	60
11	41
12	49
13	17
14	17
15	17
16	17
17	39
18	60
19	60
20	17
21	60
22	37
23	56
24	2
25	19
26	60
27	56
28	56
29	56
30	6
31	17
32	2
33	57
34	56
35	60
36	39
37	6
38	17
39	2
40	14
41	17
42	46
43	6
44	6
45	56
46	39
47	17
48	39
49	60
50	3
51	56
52	53
53	37
54	53
55	2
56	56
57	39
58	6
59	2
60	56
61	17
62	17
63	17
64	12
65	17
66	39
67	56
68	56
69	17
70	17
71	41
72	6
73	63
74	60
75	26
76	17
77	56
78	39
79	56
80	56
81	39
82	7
83	56
84	56
85	49
86	6
87	60
88	17
89	2
90	17
91	17
92	2
93	55
94	57
95	56
96	56
97	6
98	55
99	39
100	39
101	39
102	56
103	39
104	56
105	56
106	19
107	41
108	60
109	56
110	17
111	56
112	12
113	52
114	56
115	60
116	3
117	56
118	10
119	18
120	60
121	60
122	41
123	6
124	56
125	39
126	21
127	4
128	18
129	56
130	10
131	39
132	10
133	39
134	60
135	4
136	39
137	39
138	39
139	19
140	17
141	37
142	45
143	2
144	56
145	15
146	17
147	18
148	41
149	17
150	37
151	17
152	17
153	37
154	18
155	17
156	56
157	7
158	2
159	39
160	14
161	39
162	39
163	37
164	18
165	56
166	56
167	53
168	60
169	56
170	2
171	56
172	23
173	56
174	17
175	59
176	17
177	18
178	15
179	6
180	38
181	60
182	56
183	4
184	39
185	56
186	56
187	17
188	56
189	39
190	39
191	10
192	14
193	39
194	55
195	56
196	53
197	37
198	56
199	17
200	56
201	37
202	37
203	17
204	37
205	56
206	56
207	38
208	60
209	60
210	60
211	37
212	17
213	66
214	56
215	60
216	17
217	39
218	4
219	65
220	37
221	17
222	17
223	10
224	56
225	18
226	56
227	10
228	17
229	17
230	17
231	17
232	17
233	6
234	37
235	5
236	4
237	60
238	53
239	17
240	12
241	56
242	53
243	56
244	39
245	56
246	56
247	66
248	37
249	41
250	6
251	60
252	56
253	60
254	56
255	60
256	45
257	17
258	66
259	17
260	56
261	37
262	53
263	17
264	56
265	13
266	60
267	39
268	14
269	39
270	56
271	39
272	2
273	60
274	37
275	17
276	10
277	39
278	39
279	12
280	41
281	39
282	6
283	17
284	60
285	2
286	17
287	39
288	17
289	14
290	4
291	60
292	39
293	37
294	37
295	60
296	17
297	2
298	17
299	10
300	60
301	15
302	39
303	46
304	56
305	53
306	26
307	2
308	17
309	56
310	17
311	37
312	41
313	2
314	39
315	56
316	4
317	10
318	6
319	18
320	10
321	15
322	23
323	23
324	17
325	56
326	46
327	39
328	37
329	6
330	39
331	6
332	56
333	60
334	18
335	56
336	41
337	56
338	4
339	17
340	39
341	21
342	39
343	17
344	56
345	6
346	39
347	60
348	41
349	37
350	56
351	39
352	17
353	37
354	2
355	60
356	17
357	17
358	56
359	17
360	60
361	56
362	41
363	15
364	12
365	17
366	17
367	17
368	14
369	39
370	41
371	39
372	60
373	17
374	10
375	2
376	39
377	56
378	55
379	56
380	56
381	57
382	39
383	56
384	17
385	10
386	17
387	4
388	39
389	56
390	37
391	2
392	39
393	56
394	45
395	60
396	3
397	39
398	14
399	41
400	63
401	39
402	56
403	60
404	60
405	18
406	56
407	56
408	17
409	49
410	17
411	17
412	56
413	18
414	6
415	60
416	60
417	18
418	17
419	12
420	6
421	37
422	56
423	56
424	41
425	5
426	56
427	2
428	6
429	17
430	26
431	56
432	17
433	17
434	18
435	56
436	2
437	39
438	56
439	17
440	17
441	5
442	39
443	37
444	60
445	56
446	60
447	37
448	17
449	56
450	59
451	56
452	56
453	2
454	60
455	2
456	56
457	59
458	10
459	37
460	37
461	56
462	60
463	17
464	4
465	17
466	60
467	56
468	65
469	56
470	17
471	39
472	2
473	56
474	39
475	10
476	56
477	39
478	17
479	55
480	2
481	56
482	56
483	26
484	63
485	60
486	66
487	56
488	56
489	39
490	17
491	39
492	39
493	38
494	56
495	41
496	37
497	45
498	10
499	7
500	17
501	60
502	56
503	37
504	23
505	6
506	60
507	56
508	2
509	17
510	6
511	56
512	56
513	39
514	17
515	2
516	14
517	57
518	56
519	17
520	56
521	17
522	17
523	37
524	39
525	56
526	17
527	56
528	17
529	56
530	56
531	4
532	66
533	41
534	10
535	15
536	6
537	56
538	4
539	17
540	14
541	2
542	26
543	39
544	48
545	39
546	46
547	56
548	18
549	56
550	6
551	56
552	17
553	43
554	12
555	37
556	56
557	17
558	37
559	17
560	60
561	37
562	55
563	18
564	39
565	45
566	2
567	56
568	12
569	17
570	5
571	41
572	56
573	56
574	18
575	41
576	56
577	39
578	60
579	17
580	45
581	55
582	7
583	56
584	10
585	56
586	56
587	60
588	39
589	37
590	6
591	18
592	56
593	2
594	17
595	26
596	17
597	17
598	2
599	60
600	17
601	19
602	45
603	37
604	59
605	56
606	39
607	6
608	17
609	56
610	39
611	17
612	53
613	56
614	17
615	17
616	39
617	39
618	60
619	17
620	17
621	37
622	17
623	17
624	56
625	61
626	17
627	46
628	39
629	66
630	10
631	57
632	15
633	39
634	56
635	62
636	60
637	4
638	65
639	2
640	56
641	2
642	56
643	6
644	56
645	17
646	2
647	37
648	39
649	39
650	18
651	37
652	10
653	37
654	6
655	57
656	41
657	55
658	17
659	6
660	56
661	4
662	17
663	17
664	18
665	56
666	17
667	38
668	56
669	39
670	2
671	18
672	56
673	17
674	6
675	56
676	18
677	17
678	10
679	6
680	17
681	39
682	17
683	39
684	60
685	39
686	24
687	2
688	56
689	56
690	60
691	56
692	17
693	6
694	37
695	10
696	12
697	56
698	56
699	41
700	19
701	37
702	39
703	56
704	19
705	56
706	39
707	17
708	17
709	17
710	10
711	39
712	2
713	4
714	4
715	2
716	4
717	17
718	26
719	39
720	2
721	10
722	56
723	55
724	37
725	39
726	6
727	17
728	56
729	56
730	66
731	56
732	18
733	56
734	56
735	39
736	56
737	4
738	4
739	56
740	39
741	41
742	17
743	53
744	4
745	39
746	6
747	60
748	38
749	18
750	37
751	17
752	6
753	56
754	56
755	17
756	22
757	37
758	53
759	2
760	56
761	39
762	39
763	60
764	58
765	6
766	17
767	56
768	55
769	2
770	17
771	2
772	41
773	37
774	39
775	60
776	56
777	43
778	56
779	39
780	39
781	39
782	60
783	37
784	2
785	17
786	60
787	41
788	17
789	37
790	17
791	12
792	60
793	10
794	17
795	56
796	56
797	6
798	17
799	45
800	66
801	2
802	56
803	39
804	59
805	56
806	56
807	41
808	39
809	6
810	17
811	17
812	60
813	56
814	60
815	17
816	17
817	56
818	6
819	37
820	49
821	17
822	39
823	60
824	56
825	17
826	39
827	39
828	57
829	66
830	4
831	60
832	10
833	65
834	17
835	60
836	56
837	37
838	2
839	56
840	56
841	56
842	41
843	37
844	56
845	56
846	6
847	56
848	60
849	56
850	17
851	17
852	56
853	19
854	56
855	56
856	56
857	38
858	39
859	56
860	10
861	37
862	2
863	56
864	17
865	17
866	39
867	2
868	37
869	53
870	56
871	56
872	64
873	2
874	4
875	17
876	17
877	61
878	17
879	37
880	2
881	10
882	2
883	17
884	37
885	37
886	56
887	60
888	56
889	26
890	56
891	41
892	17
893	2
894	26
895	56
896	17
897	39
898	17
899	2
900	45
901	17
902	10
903	37
904	37
905	37
906	36
907	4
908	65
909	56
910	39
911	56
912	60
913	55
914	2
915	10
916	2
917	17
918	56
919	60
920	19
921	60
922	15
923	56
924	17
925	17
926	12
927	60
928	12
929	56
930	2
931	14
932	53
933	37
934	17
935	26
936	59
937	56
938	46
939	39
940	56
941	37
942	17
943	4
944	24
945	52
946	56
947	6
948	17
949	56
950	6
951	2
952	58
953	17
954	2
955	17
956	56
957	53
958	17
959	3
960	60
961	56
962	56
963	39
964	59
965	56
966	53
967	56
968	17
969	56
970	6
971	17
972	39
973	56
974	17
975	60
976	56
977	56
978	14
979	39
980	56
981	6
982	17
983	39
984	60
985	53
986	39
987	17
988	57
989	17
990	65
991	59
992	17
993	17
994	37
995	37
996	17
997	56
998	56
999	56
1000	4
1001	56
1002	56
1003	56
1004	17
1005	56
1006	17
1007	39
1008	60
1009	17
1010	15
1011	60
1012	39
1013	39
1014	60
1015	57
1016	39
1017	18
1018	56
1019	56
1020	6
1021	60
1022	19
1023	56
1024	7
1025	17
1026	6
1027	17
1028	56
1029	6
1030	17
1031	39
1032	56
1033	17
1034	56
1035	60
1036	17
1037	56
1038	56
1039	39
1040	17
1041	2
1042	56
1043	56
1044	18
1045	17
1046	17
1047	17
1048	4
1049	56
1050	2
1051	39
1052	56
1053	26
1054	56
1055	2
1056	60
1057	17
1058	18
1059	17
1060	56
1061	10
1062	14
1063	6
1064	56
1065	56
1066	12
1067	17
1068	60
1069	56
1070	55
1071	61
1072	37
1073	17
1074	17
1075	26
1076	17
1077	66
1078	10
1079	6
1080	17
1081	17
1082	59
1083	41
1084	17
1085	17
1086	41
1087	39
1088	10
1089	6
1090	56
1091	4
1092	6
1093	56
1094	56
1095	17
1096	49
1097	6
1098	18
1099	10
1100	2
1101	56
1102	17
1103	26
1104	5
1105	17
1106	48
1107	39
1108	17
1109	56
1110	56
1111	4
1112	17
1113	7
1114	37
1115	39
1116	56
1117	39
1118	53
1119	37
1120	6
1121	39
1122	24
1123	18
1124	17
1125	41
1126	15
1127	56
1128	56
1129	37
1130	14
1131	66
1132	15
1133	56
1134	2
1135	10
1136	56
1137	60
1138	17
1139	18
1140	49
1141	39
1142	4
1143	37
1144	15
1145	39
1146	17
1147	52
1148	56
1149	60
1150	2
1151	56
1152	56
1153	56
1154	52
1155	39
1156	17
1157	37
1158	6
1159	37
1160	4
1161	56
1162	6
1163	56
1164	18
1165	18
1166	60
1167	53
1168	6
1169	45
1170	56
1171	39
1172	39
1173	17
1174	3
1175	12
1176	45
1177	57
1178	2
1179	37
1180	60
1181	60
1182	39
1183	6
1184	2
1185	56
1186	56
1187	39
1188	60
1189	2
1190	17
1191	60
1192	55
1193	17
1194	60
1195	56
1196	41
1197	15
1198	59
1199	56
1200	18
1201	56
1202	12
1203	17
1204	12
1205	17
1206	56
1207	19
1208	56
1209	55
1210	6
1211	18
1212	59
1213	3
1214	60
1215	56
1216	56
1217	17
1218	56
1219	39
1220	49
1221	39
1222	56
1223	12
1224	14
1225	57
1226	6
1227	60
1228	55
1229	15
1230	37
1231	56
1232	56
1233	17
1234	56
1235	56
1236	39
1237	56
1238	60
1239	17
1240	41
1241	66
1242	56
1243	60
1244	17
1245	55
1246	60
1247	18
1248	37
1249	56
1250	17
1251	56
1252	60
1253	2
1254	17
1255	6
1256	37
1257	14
1258	66
1259	55
1260	17
1261	2
1262	60
1263	56
1264	2
1265	56
1266	56
1267	56
1268	6
1269	17
1270	19
1271	56
1272	6
1273	17
1274	37
1275	56
1276	56
1277	53
1278	39
1279	56
1280	39
1281	6
1282	56
1283	60
1284	56
1285	3
1286	45
1287	55
1288	28
1289	2
1290	2
1291	6
1292	56
1293	56
1294	2
1295	39
1296	17
1297	17
1298	17
1299	56
1300	56
1301	60
1302	37
1303	10
1304	41
1305	4
1306	45
1307	56
1308	41
1309	56
1310	5
1311	12
1312	53
1313	59
1314	60
1315	17
1316	17
1317	57
1318	56
1319	10
1320	3
1321	53
1322	17
1323	45
1324	56
1325	56
1326	37
1327	39
1328	24
1329	56
1330	56
1331	4
1332	60
1333	60
1334	60
1335	37
1336	56
1337	56
1338	37
1339	60
1340	39
1341	56
1342	10
1343	39
1344	56
1345	17
1346	14
1347	10
1348	17
1349	39
1350	18
1351	37
1352	66
1353	12
1354	60
1355	39
1356	17
1357	56
1358	56
1359	60
1360	2
1361	2
1362	41
1363	60
1364	39
1365	17
1366	47
1367	37
1368	17
1369	60
1370	17
1371	23
1372	17
1373	39
1374	17
1375	39
1376	17
1377	17
1378	4
1379	6
1380	37
1381	37
1382	55
1383	56
1384	56
1385	17
1386	53
1387	56
1388	18
1389	17
1390	2
1391	57
1392	4
1393	6
1394	55
1395	6
1396	56
1397	10
1398	17
1399	33
1400	53
1401	38
1402	39
1403	66
1404	17
1405	12
1406	17
1407	56
1408	17
1409	39
1410	57
1411	39
1412	56
1413	46
1414	60
1415	56
1416	56
1417	60
1418	56
1419	37
1420	39
1421	17
1422	17
1423	6
1424	39
1425	6
1426	6
1427	17
1428	18
1429	6
1430	56
1431	60
1432	59
1433	49
1434	17
1435	56
1436	15
1437	6
1438	6
1439	56
1440	60
1441	10
1442	17
1443	10
1444	56
1445	37
1446	56
1447	39
1448	41
1449	59
1450	56
1451	56
1452	13
1453	56
1454	60
1455	39
1456	56
1457	3
1458	26
1459	17
1460	17
1461	56
1462	17
1463	6
1464	60
1465	59
1466	60
1467	37
1468	56
1469	17
1470	45
1471	56
1472	11
1473	17
1474	56
1475	19
1476	6
1477	39
1478	60
1479	37
1480	56
1481	17
1482	56
1483	39
1484	2
1485	56
1486	60
1487	63
1488	56
1489	17
1490	17
1491	17
1492	60
1493	17
1494	56
1495	39
1496	24
1497	60
1498	17
1499	43
1500	17
1501	3
1502	17
1503	39
1504	17
1505	56
1506	17
1507	38
1508	56
1509	60
1510	6
1511	17
1512	17
1513	15
1514	56
1515	41
1516	2
1517	17
1518	4
1519	6
1520	4
1521	56
1522	4
1523	39
1524	18
1525	56
1526	55
1527	37
1528	55
1529	19
1530	56
1531	60
1532	39
1533	2
1534	39
1535	2
1536	17
1537	56
1538	4
1539	56
1540	56
1541	56
1542	56
1543	56
1544	39
1545	39
1546	56
1547	60
1548	60
1549	17
1550	33
1551	2
1552	17
1553	19
1554	63
1555	17
1556	56
1557	18
1558	35
1559	17
1560	2
1561	60
1562	19
1563	17
1564	18
1565	14
1566	41
1567	19
1568	41
1569	56
1570	39
1571	39
1572	39
1573	41
1574	39
1575	65
1576	60
1577	56
1578	39
1579	43
1580	56
1581	60
1582	41
1583	60
1584	17
1585	4
1586	39
1587	39
1588	17
1589	17
1590	17
1591	19
1592	43
1593	17
1594	60
1595	39
1596	6
1597	53
1598	39
1599	2
1600	17
1601	18
1602	6
1603	17
1604	41
1605	39
1606	56
1607	62
1608	5
1609	10
1610	15
1611	4
1612	15
1613	23
1614	6
1615	60
1616	56
1617	56
1618	6
1619	2
1620	39
1621	39
1622	56
1623	56
1624	39
1625	41
1626	61
1627	6
1628	6
1629	60
1630	39
1631	19
1632	17
1633	17
1634	6
1635	55
1636	18
1637	17
1638	39
1639	17
1640	17
1641	56
1642	53
1643	26
1644	2
1645	56
1646	39
1647	10
1648	2
1649	45
1650	60
1651	17
1652	39
1653	56
1654	37
1655	37
1656	2
1657	60
1658	17
1659	17
1660	56
1661	56
1662	3
1663	60
1664	6
1665	56
1666	39
1667	60
1668	14
1669	37
1670	39
1671	17
1672	56
1673	56
1674	39
1675	39
1676	59
1677	56
1678	39
1679	6
1680	56
1681	56
1682	12
1683	39
1684	17
1685	60
1686	37
1687	6
1688	2
1689	56
1690	56
1691	45
1692	55
1693	56
1694	56
1695	39
1696	18
1697	37
1698	26
1699	39
1700	17
1701	14
1702	56
1703	39
1704	17
1705	17
1706	53
1707	60
1708	60
1709	39
1710	45
1711	56
1712	56
1713	37
1714	14
1715	41
1716	39
1717	6
1718	60
1719	57
1720	2
1721	17
1722	45
1723	56
1724	39
1725	17
1726	12
1727	2
1728	56
1729	39
1730	17
1731	56
1732	10
1733	39
1734	17
1735	60
1736	17
1737	61
1738	56
1739	41
1740	53
1741	39
1742	56
1743	2
1744	33
1745	56
1746	12
1747	17
1748	66
1749	39
1750	17
1751	39
1752	26
1753	17
1754	24
1755	17
1756	17
1757	41
1758	17
1759	56
1760	65
1761	3
1762	37
1763	17
1764	10
1765	17
1766	56
1767	17
1768	17
1769	56
1770	17
1771	17
1772	17
1773	39
1774	11
1775	17
1776	56
1777	17
1778	56
1779	56
1780	39
1781	56
1782	37
1783	56
1784	56
1785	60
1786	41
1787	56
1788	17
1789	2
1790	17
1791	66
1792	60
1793	13
1794	37
1795	56
1796	60
1797	39
1798	60
1799	41
1800	15
1801	6
1802	18
1803	17
1804	2
1805	56
1806	58
1807	41
1808	56
1809	4
1810	56
1811	6
1812	37
1813	39
1814	48
1815	56
1816	4
1817	53
1818	39
1819	37
1820	2
1821	59
1822	17
1823	56
1824	56
1825	37
1826	39
1827	18
1828	37
1829	2
1830	6
1831	19
1832	4
1833	17
1834	60
1835	41
1836	56
1837	2
1838	37
1839	12
1840	2
1841	53
1842	10
1843	60
1844	49
1845	39
1846	56
1847	2
1848	39
1849	17
1850	60
1851	56
1852	39
1853	24
1854	60
1855	6
1856	19
1857	57
1858	6
1859	2
1860	37
1861	17
1862	18
1863	62
1864	12
1865	18
1866	56
1867	39
1868	26
1869	6
1870	56
1871	6
1872	56
1873	56
1874	10
1875	17
1876	39
1877	60
1878	10
1879	17
1880	12
1881	17
1882	60
1883	39
1884	17
1885	17
1886	39
1887	56
1888	55
1889	43
1890	56
1891	37
1892	56
1893	56
1894	60
1895	56
1896	6
1897	17
1898	56
1899	56
1900	56
1901	60
1902	60
1903	17
1904	37
1905	56
1906	56
1907	6
1908	37
1909	17
1910	17
1911	56
1912	39
1913	2
1914	39
1915	60
1916	17
1917	39
1918	12
1919	57
1920	17
1921	56
1922	56
1923	39
1924	56
1925	17
1926	13
1927	56
1928	7
1929	24
1930	39
1931	33
1932	17
1933	37
1934	17
1935	17
1936	60
1937	39
1938	56
1939	6
1940	39
1941	56
1942	60
1943	10
1944	60
1945	37
1946	41
1947	56
1948	56
1949	39
1950	44
1951	56
1952	17
1953	14
1954	6
1955	17
1956	17
1957	60
1958	6
1959	10
1960	41
1961	2
1962	6
1963	26
1964	17
1965	26
1966	39
1967	39
1968	56
1969	45
1970	56
1971	45
1972	4
1973	17
1974	3
1975	56
1976	2
1977	56
1978	46
1979	2
1980	39
1981	4
1982	4
1983	17
1984	17
1985	2
1986	2
1987	41
1988	15
1989	37
1990	39
1991	18
1992	37
1993	17
1994	13
1995	39
1996	56
1997	17
1998	53
1999	56
2000	17
2001	2
2002	4
2003	39
2004	17
2005	55
2006	6
2007	56
2008	10
2009	6
2010	60
2011	56
2012	17
2013	39
2014	60
2015	6
2016	56
2017	56
2018	6
2019	17
2020	56
2021	56
2022	57
2023	17
2024	2
2025	10
2026	17
2027	60
2028	17
2029	38
2030	56
2031	15
2032	17
2033	6
2034	39
2035	17
2036	59
2037	17
2038	2
2039	17
2040	39
2041	39
2042	17
2043	60
2044	66
2045	41
2046	4
2047	26
2048	2
2049	41
2050	41
2051	60
2052	56
2053	56
2054	37
2055	17
2056	56
2057	56
2058	59
2059	14
2060	39
2061	39
2062	56
2063	7
2064	56
2065	39
2066	3
2067	53
2068	39
2069	17
2070	39
2071	4
2072	65
2073	60
2074	60
2075	10
2076	17
2077	37
2078	37
2079	39
2080	5
2081	17
2082	56
2083	12
2084	60
2085	56
2086	39
2087	56
2088	56
2089	37
2090	2
2091	56
2092	17
2093	55
2094	26
2095	39
2096	39
2097	6
2098	18
2099	39
2100	24
2101	56
2102	17
2103	17
2104	41
2105	56
2106	39
2107	56
2108	56
2109	2
2110	26
2111	56
2112	18
2113	39
2114	17
2115	56
2116	56
2117	39
2118	18
2119	4
2120	6
2121	17
2122	57
2123	11
2124	37
2125	17
2126	56
2127	4
2128	4
2129	17
2130	56
2131	10
2132	18
2133	23
2134	41
2135	17
2136	39
2137	17
2138	37
2139	13
2140	56
2141	6
2142	60
2143	56
2144	2
2145	56
2146	56
2147	37
2148	18
2149	17
2150	12
2151	15
2152	10
2153	39
2154	6
2155	60
2156	2
2157	56
2158	6
2159	37
2160	2
2161	39
2162	39
2163	56
2164	57
2165	4
2166	56
2167	56
2168	56
2169	3
2170	10
2171	17
2172	60
2173	56
2174	56
2175	37
2176	46
2177	66
2178	17
2179	49
2180	56
2181	57
2182	4
2183	12
2184	17
2185	17
2186	53
2187	56
2188	56
2189	60
2190	26
2191	61
2192	4
2193	37
2194	2
2195	39
2196	39
2197	56
2198	19
2199	39
2200	60
2201	37
2202	10
2203	2
2204	4
2205	35
2206	56
2207	56
2208	57
2209	56
2210	17
2211	39
2212	60
2213	56
2214	56
2215	39
2216	41
2217	17
2218	39
2219	2
2220	60
2221	4
2222	56
2223	13
2224	49
2225	60
2226	56
2227	4
2228	4
2229	59
2230	39
2231	60
2232	66
2233	41
2234	62
2235	56
2236	17
2237	65
2238	56
2239	56
2240	60
2241	37
2242	18
2243	60
2244	17
2245	56
2246	60
2247	56
2248	56
2249	6
2250	56
2251	56
2252	39
2253	56
2254	41
2255	4
2256	60
2257	4
2258	17
2259	19
2260	53
2261	17
2262	39
2263	2
2264	56
2265	60
2266	56
2267	17
2268	41
2269	26
2270	4
2271	60
2272	56
2273	2
2274	41
2275	39
2276	56
2277	56
2278	49
2279	17
2280	17
2281	17
2282	37
2283	17
2284	2
2285	17
2286	56
2287	56
2288	4
2289	39
2290	56
2291	10
2292	56
2293	17
2294	39
2295	17
2296	39
2297	4
2298	19
2299	57
2300	56
2301	60
2302	6
2303	14
2304	6
2305	60
2306	60
2307	39
2308	17
2309	4
2310	56
2311	6
2312	6
2313	55
2314	5
2315	17
2316	39
2317	60
2318	56
2319	12
2320	17
2321	60
2322	37
2323	19
2324	56
2325	17
2326	56
2327	39
2328	56
2329	12
2330	56
2331	24
2332	17
2333	6
2334	39
2335	4
2336	17
2337	17
2338	6
2339	6
2340	60
2341	15
2342	6
2343	17
2344	56
2345	60
2346	41
2347	37
2348	4
2349	24
2350	2
2351	15
2352	37
2353	60
2354	17
2355	55
2356	56
2357	17
2358	2
2359	39
2360	37
2361	4
2362	17
2363	56
2364	39
2365	56
2366	60
2367	56
2368	56
2369	56
2370	37
2371	60
2372	39
2373	2
2374	56
2375	41
2376	56
2377	37
2378	55
2379	18
2380	39
2381	56
2382	56
2383	60
2384	18
2385	56
2386	60
2387	17
2388	60
2389	56
2390	56
2391	62
2392	37
2393	37
2394	17
2395	56
2396	56
2397	39
2398	14
2399	2
2400	10
2401	55
2402	37
2403	37
2404	17
2405	60
2406	6
2407	4
2408	56
2409	53
2410	56
2411	13
2412	17
2413	60
2414	56
2415	60
2416	17
2417	56
2418	57
2419	56
2420	56
2421	56
2422	17
2423	37
2424	56
2425	60
2426	2
2427	37
2428	60
2429	41
2430	39
2431	56
2432	17
2433	39
2434	62
2435	56
2436	10
2437	56
2438	56
2439	56
2440	17
2441	39
2442	15
2443	6
2444	39
2445	56
2446	17
2447	39
2448	56
2449	10
2450	26
2451	39
2452	2
2453	56
2454	17
2455	56
2456	60
2457	39
2458	60
2459	17
2460	39
2461	60
2462	4
2463	56
2464	46
2465	2
2466	59
2467	10
2468	26
2469	46
2470	56
2471	53
2472	13
2473	59
2474	41
2475	17
2476	17
2477	56
2478	56
2479	39
2480	52
2481	6
2482	18
2483	6
2484	41
2485	17
2486	12
2487	37
2488	17
2489	37
2490	45
2491	18
2492	56
2493	10
2494	33
2495	41
2496	39
2497	60
2498	45
2499	45
2500	39
2501	6
2502	39
2503	17
2504	14
2505	6
2506	17
2507	41
2508	2
2509	39
2510	39
2511	17
2512	56
2513	17
2514	2
2515	17
2516	17
2517	19
2518	39
2519	39
2520	2
2521	39
2522	56
2523	18
2524	56
2525	56
2526	56
2527	56
2528	10
2529	2
2530	17
2531	39
2532	6
2533	15
2534	2
2535	60
2536	56
2537	56
2538	6
2539	56
2540	56
2541	18
2542	17
2543	17
2544	17
2545	60
2546	39
2547	6
2548	56
2549	33
2550	23
2551	17
2552	14
2553	56
2554	17
2555	45
2556	56
2557	60
2558	6
2559	17
2560	56
2561	59
2562	56
2563	17
2564	13
2565	49
2566	17
2567	17
2568	2
2569	17
2570	56
2571	17
2572	39
2573	2
2574	6
2575	39
2576	39
2577	56
2578	4
2579	12
2580	39
2581	43
2582	39
2583	17
2584	56
2585	4
2586	55
2587	6
2588	19
2589	56
2590	39
2591	56
2592	17
2593	17
2594	56
2595	39
2596	37
2597	6
2598	56
2599	17
2600	56
2601	60
2602	56
2603	17
2604	57
2605	17
2606	56
2607	14
2608	17
2609	2
2610	17
2611	45
2612	66
2613	41
2614	2
2615	13
2616	18
2617	37
2618	56
2619	17
2620	2
2621	55
2622	39
2623	39
2624	65
2625	39
2626	37
2627	14
2628	60
2629	17
2630	56
2631	10
2632	37
2633	60
2634	39
2635	45
2636	17
2637	17
2638	56
2639	39
2640	39
2641	63
2642	39
2643	41
2644	39
2645	17
2646	56
2647	17
2648	37
2649	56
2650	56
2651	56
2652	26
2653	60
2654	17
2655	2
2656	35
2657	60
2658	45
2659	56
2660	39
2661	2
2662	60
2663	52
2664	41
2665	10
2666	17
2667	56
2668	14
2669	4
2670	41
2671	56
2672	13
2673	56
2674	39
2675	60
2676	18
2677	12
2678	56
2679	41
2680	57
2681	39
2682	17
2683	19
2684	17
2685	56
2686	63
2687	56
2688	55
2689	56
2690	17
2691	39
2692	56
2693	56
2694	57
2695	45
2696	60
2697	56
2698	63
2699	6
2700	17
2701	2
2702	56
2703	24
2704	6
2705	17
2706	60
2707	26
2708	56
2709	39
2710	56
2711	60
2712	4
2713	56
2714	56
2715	26
2716	56
2717	17
2718	17
2719	60
2720	56
2721	59
2722	45
2723	56
2724	56
2725	12
2726	39
2727	10
2728	17
2729	39
2730	39
2731	56
2732	39
2733	39
2734	17
2735	37
2736	10
2737	10
2738	39
2739	39
2740	6
2741	17
2742	13
2743	2
2744	17
2745	56
2746	17
2747	39
2748	56
2749	2
2750	2
2751	56
2752	60
2753	60
2754	56
2755	17
2756	60
2757	37
2758	10
2759	45
2760	60
2761	56
2762	41
2763	53
2764	56
2765	60
2766	39
2767	56
2768	6
2769	45
2770	56
2771	39
2772	45
2773	56
2774	37
2775	6
2776	60
2777	56
2778	39
2779	17
2780	56
2781	2
2782	65
2783	56
2784	56
2785	60
2786	17
2787	39
2788	39
2789	26
2790	17
2791	56
2792	10
2793	2
2794	39
2795	56
2796	17
2797	17
2798	60
2799	39
2800	6
2801	19
2802	2
2803	39
2804	6
2805	45
2806	17
2807	17
2808	60
2809	2
2810	39
2811	37
2812	55
2813	13
2814	17
2815	6
2816	39
2817	66
2818	24
2819	56
2820	39
2821	17
2822	60
2823	2
2824	39
2825	60
2826	18
2827	56
2828	17
2829	17
2830	56
2831	2
2832	45
2833	56
2834	55
2835	60
2836	60
2837	56
2838	17
2839	56
2840	4
2841	55
2842	56
2843	6
2844	4
2845	59
2846	37
2847	17
2848	17
2849	39
2850	39
2851	17
2852	41
2853	2
2854	55
2855	62
2856	56
2857	56
2858	39
2859	12
2860	4
2861	39
2862	60
2863	56
2864	6
2865	17
2866	56
2867	60
2868	56
2869	17
2870	10
2871	17
2872	56
2873	37
2874	60
2875	61
2876	56
2877	56
2878	6
2879	39
2880	56
2881	60
2882	57
2883	17
2884	56
2885	6
2886	56
2887	41
2888	5
2889	17
2890	60
2891	39
2892	2
2893	41
2894	17
2895	17
2896	66
2897	56
2898	60
2899	56
2900	56
2901	53
2902	39
2903	18
2904	56
2905	17
2906	60
2907	59
2908	49
2909	56
2910	37
2911	60
2912	56
2913	59
2914	39
2915	17
2916	39
2917	6
2918	17
2919	60
2920	62
2921	2
2922	39
2923	60
2924	56
2925	2
2926	10
2927	2
2928	56
2929	39
2930	56
2931	56
2932	6
2933	10
2934	60
2935	6
2936	17
2937	6
2938	18
2939	2
2940	56
2941	56
2942	39
2943	56
2944	56
2945	6
2946	17
2947	33
2948	4
2949	37
2950	56
2951	39
2952	17
2953	37
2954	60
2955	41
2956	17
2957	12
2958	21
2959	17
2960	19
2961	56
2962	41
2963	4
2964	56
2965	6
2966	17
2967	66
2968	10
2969	25
2970	2
2971	39
2972	39
2973	60
2974	2
2975	45
2976	10
2977	39
2978	41
2979	60
2980	17
2981	2
2982	17
2983	57
2984	56
2985	41
2986	10
2987	56
2988	15
2989	2
2990	17
2991	18
2992	39
2993	39
2994	66
2995	12
2996	6
2997	60
2998	37
2999	18
3000	39
3001	56
3002	56
3003	56
3004	6
3005	17
3006	41
3007	37
3008	39
3009	56
3010	24
3011	14
3012	66
3013	56
3014	39
3015	17
3016	56
3017	37
3018	17
3019	17
3020	17
3021	14
3022	2
3023	60
3024	66
3025	4
3026	17
3027	18
3028	56
3029	41
3030	17
3031	4
3032	58
3033	37
3034	6
3035	60
3036	17
3037	65
3038	39
3039	56
3040	37
3041	56
3042	17
3043	17
3044	39
3045	37
3046	56
3047	17
3048	17
3049	39
3050	39
3051	56
3052	56
3053	39
3054	56
3055	65
3056	39
3057	56
3058	56
3059	39
3060	37
3061	39
3062	38
3063	56
3064	17
3065	6
3066	60
3067	2
3068	56
3069	55
3070	17
3071	10
3072	6
3073	41
3074	2
3075	56
3076	62
3077	57
3078	17
3079	53
3080	56
3081	2
3082	62
3083	60
3084	60
3085	24
3086	24
3087	39
3088	56
3089	43
3090	2
3091	18
3092	57
3093	39
3094	18
3095	45
3096	4
3097	17
3098	41
3099	39
3100	56
3101	17
3102	56
3103	6
3104	41
3105	15
3106	55
3107	17
3108	3
3109	17
3110	37
3111	17
3112	39
3113	17
3114	17
3115	17
3116	17
3117	10
3118	2
3119	39
3120	39
3121	39
3122	4
3123	39
3124	56
3125	56
3126	43
3127	17
3128	10
3129	56
3130	60
3131	2
3132	56
3133	57
3134	6
3135	18
3136	60
3137	39
3138	17
3139	39
3140	37
3141	6
3142	17
3143	57
3144	17
3145	39
3146	39
3147	17
3148	46
3149	60
3150	56
3151	17
3152	56
3153	2
3154	17
3155	17
3156	6
3157	17
3158	17
3159	18
3160	60
3161	60
3162	17
3163	56
3164	41
3165	66
3166	56
3167	17
3168	37
3169	17
3170	55
3171	56
3172	4
3173	2
3174	56
3175	26
3176	17
3177	56
3178	6
3179	14
3180	56
3181	37
3182	56
3183	56
3184	56
3185	39
3186	17
3187	56
3188	17
3189	3
3190	56
3191	56
3192	6
3193	56
3194	13
3195	17
3196	19
3197	17
3198	17
3199	56
3200	6
3201	14
3202	17
3203	39
3204	41
3205	56
3206	17
3207	57
3208	57
3209	39
3210	56
3211	45
3212	56
3213	41
3214	60
3215	37
3216	12
3217	17
3218	56
3219	39
3220	12
3221	6
3222	17
3223	41
3224	6
3225	4
3226	6
3227	56
3228	10
3229	17
3230	59
3231	60
3232	39
3233	59
3234	53
3235	56
3236	56
3237	39
3238	45
3239	60
3240	56
3241	17
3242	36
3243	6
3244	19
3245	39
3246	57
3247	56
3248	39
3249	6
3250	6
3251	39
3252	60
3253	6
3254	37
3255	17
3256	60
3257	56
3258	55
3259	14
3260	18
3261	2
3262	39
3263	41
3264	6
3265	17
3266	56
3267	56
3268	56
3269	56
3270	56
3271	38
3272	56
3273	18
3274	6
3275	45
3276	56
3277	66
3278	45
3279	56
3280	17
3281	64
3282	17
3283	37
3284	6
3285	39
3286	2
3287	37
3288	18
3289	6
3290	14
3291	17
3292	56
3293	17
3294	41
3295	6
3296	60
3297	17
3298	6
3299	17
3300	17
3301	60
3302	65
3303	39
3304	17
3305	56
3306	60
3307	56
3308	2
3309	39
3310	56
3311	60
3312	17
3313	56
3314	23
3315	66
3316	17
3317	2
3318	19
3319	17
3320	23
3321	62
3322	2
3323	38
3324	56
3325	13
3326	39
3327	60
3328	6
3329	19
3330	60
3331	4
3332	56
3333	10
3334	17
3335	56
3336	12
3337	33
3338	2
3339	56
3340	17
3341	17
3342	37
3343	26
3344	60
3345	56
3346	24
3347	2
3348	39
3349	17
3350	60
3351	57
3352	17
3353	17
3354	2
3355	37
3356	17
3357	17
3358	4
3359	37
3360	59
3361	26
3362	10
3363	17
3364	18
3365	41
3366	17
3367	2
3368	60
3369	12
3370	18
3371	56
3372	56
3373	5
3374	60
3375	2
3376	60
3377	10
3378	17
3379	56
3380	17
3381	17
3382	17
3383	56
3384	17
3385	6
3386	56
3387	2
3388	17
3389	2
3390	17
3391	66
3392	4
3393	37
3394	2
3395	39
3396	59
3397	17
3398	49
3399	2
3400	56
3401	57
3402	2
3403	60
3404	6
3405	17
3406	33
3407	17
3408	56
3409	39
3410	17
3411	6
3412	6
3413	39
3414	61
3415	14
3416	17
3417	17
3418	56
3419	4
3420	17
3421	60
3422	2
3423	10
3424	39
3425	59
3426	17
3427	60
3428	61
3429	6
3430	37
3431	60
3432	60
3433	17
3434	39
3435	60
3436	60
3437	13
3438	4
3439	39
3440	17
3441	39
3442	6
3443	41
3444	17
3445	45
3446	53
3447	39
3448	37
3449	17
3450	17
3451	17
3452	2
3453	18
3454	37
3455	56
3456	6
3457	10
3458	4
3459	4
3460	65
3461	10
3462	56
3463	39
3464	56
3465	10
3466	4
3467	65
3468	17
3469	56
3470	57
3471	60
3472	60
3473	56
3474	39
3475	56
3476	60
3477	56
3478	39
3479	56
3480	59
3481	18
3482	3
3483	56
3484	2
3485	39
3486	17
3487	2
3488	55
3489	41
3490	23
3491	17
3492	17
3493	37
3494	17
3495	65
3496	39
3497	56
3498	39
3499	39
3500	17
3501	17
3502	5
3503	56
3504	56
3505	10
3506	39
3507	17
3508	17
3509	56
3510	17
3511	60
3512	6
3513	10
3514	56
3515	39
3516	56
3517	39
3518	17
3519	60
3520	56
3521	56
3522	56
3523	39
3524	4
3525	56
3526	60
3527	39
3528	56
3529	60
3530	39
3531	17
3532	60
3533	56
3534	57
3535	39
3536	37
3537	60
3538	17
3539	2
3540	17
3541	39
3542	17
3543	18
3544	39
3545	6
3546	17
3547	56
3548	6
3549	56
3550	2
3551	37
3552	17
3553	17
3554	56
3555	17
3556	56
3557	56
3558	56
3559	39
3560	56
3561	56
3562	18
3563	60
3564	6
3565	17
3566	17
3567	45
3568	41
3569	56
3570	17
3571	17
3572	17
3573	56
3574	59
3575	56
3576	2
3577	60
3578	26
3579	41
3580	65
3581	6
3582	2
3583	59
3584	56
3585	56
3586	60
3587	56
3588	39
3589	56
3590	39
3591	39
3592	17
3593	17
3594	56
3595	26
3596	17
3597	17
3598	6
3599	59
3600	45
3601	56
3602	39
3603	60
3604	17
3605	56
3606	6
3607	60
3608	17
3609	39
3610	6
3611	39
3612	39
3613	2
3614	37
3615	13
3616	56
3617	41
3618	56
3619	56
3620	17
3621	17
3622	17
3623	17
3624	2
3625	60
3626	66
3627	60
3628	39
3629	12
3630	17
3631	26
3632	56
3633	39
3634	17
3635	46
3636	12
3637	62
3638	17
3639	60
3640	6
3641	25
3642	60
3643	37
3644	17
3645	17
3646	4
3647	56
3648	17
3649	56
3650	6
3651	59
3652	60
3653	4
3654	39
3655	37
3656	13
3657	56
3658	17
3659	56
3660	17
3661	17
3662	6
3663	18
3664	18
3665	3
3666	60
3667	53
3668	6
3669	56
3670	17
3671	6
3672	4
3673	17
3674	56
3675	2
3676	39
3677	56
3678	20
3679	62
3680	14
3681	60
3682	18
3683	41
3684	56
3685	39
3686	46
3687	66
3688	41
3689	39
3690	37
3691	39
3692	60
3693	56
3694	56
3695	13
3696	39
3697	39
3698	18
3699	37
3700	56
3701	6
3702	17
3703	55
3704	18
3705	56
3706	56
3707	6
3708	19
3709	10
3710	56
3711	6
3712	44
3713	10
3714	6
3715	37
3716	43
3717	6
3718	60
3719	41
3720	10
3721	66
3722	17
3723	18
3724	6
3725	17
3726	60
3727	60
3728	39
3729	39
3730	17
3731	66
3732	56
3733	17
3734	4
3735	19
3736	56
3737	39
3738	56
3739	65
3740	56
3741	60
3742	60
3743	6
3744	10
3745	37
3746	6
3747	49
3748	17
3749	4
3750	2
3751	4
3752	38
3753	18
3754	60
3755	62
3756	4
3757	39
3758	17
3759	65
3760	18
3761	3
3762	56
3763	39
3764	4
3765	56
3766	37
3767	2
3768	2
3769	39
3770	6
3771	56
3772	17
3773	12
3774	17
3775	60
3776	17
3777	56
3778	39
3779	39
3780	39
3781	39
3782	18
3783	49
3784	2
3785	17
3786	56
3787	10
3788	59
3789	56
3790	3
3791	17
3792	60
3793	18
3794	56
3795	56
3796	39
3797	3
3798	17
3799	60
3800	39
3801	56
3802	17
3803	6
3804	56
3805	4
3806	17
3807	37
3808	17
3809	56
3810	2
3811	7
3812	56
3813	60
3814	45
3815	6
3816	39
3817	56
3818	62
3819	56
3820	17
3821	26
3822	39
3823	45
3824	6
3825	39
3826	10
3827	24
3828	56
3829	39
3830	56
3831	37
3832	3
3833	18
3834	41
3835	56
3836	39
3837	39
3838	39
3839	65
3840	41
3841	37
3842	56
3843	13
3844	56
3845	24
3846	56
3847	60
3848	56
3849	56
3850	56
3851	6
3852	18
3853	33
3854	56
3855	53
3856	56
3857	56
3858	7
3859	2
3860	24
3861	60
3862	39
3863	17
3864	56
3865	56
3866	13
3867	2
3868	17
3869	56
3870	15
3871	39
3872	17
3873	17
3874	6
3875	17
3876	56
3877	10
3878	56
3879	17
3880	56
3881	65
3882	39
3883	17
3884	12
3885	3
3886	56
3887	56
3888	17
3889	4
3890	60
3891	55
3892	10
3893	12
3894	39
3895	39
3896	41
3897	18
3898	39
3899	56
3900	17
3901	17
3902	17
3903	17
3904	37
3905	18
3906	3
3907	59
3908	56
3909	17
3910	56
3911	6
3912	4
3913	39
3914	56
3915	60
3916	57
3917	39
3918	39
3919	56
3920	6
3921	14
3922	14
3923	37
3924	2
3925	39
3926	37
3927	39
3928	39
3929	39
3930	39
3931	60
3932	56
3933	56
3934	10
3935	39
3936	43
3937	63
3938	37
3939	4
3940	45
3941	2
3942	59
3943	17
3944	53
3945	56
3946	17
3947	4
3948	12
3949	39
3950	17
3951	39
3952	56
3953	39
3954	2
3955	39
3956	53
3957	17
3958	12
3959	56
3960	37
3961	56
3962	18
3963	56
3964	17
3965	17
3966	56
3967	4
3968	41
3969	56
3970	56
3971	17
3972	17
3973	12
3974	2
3975	2
3976	56
3977	39
3978	37
3979	56
3980	60
3981	2
3982	6
3983	2
3984	65
3985	17
3986	60
3987	56
3988	39
3989	2
3990	55
3991	39
3992	10
3993	2
3994	66
3995	39
3996	3
3997	2
3998	45
3999	6
4000	14
4001	39
4002	39
4003	60
4004	56
4005	17
4006	60
4007	39
4008	60
4009	37
4010	58
4011	56
4012	6
4013	39
4014	2
4015	39
4016	45
4017	60
4018	56
4019	17
4020	60
4021	17
4022	7
4023	39
4024	4
4025	56
4026	4
4027	60
4028	56
4029	17
4030	18
4031	65
4032	57
4033	45
4034	37
4035	2
4036	56
4037	39
4038	17
4039	41
4040	59
4041	17
4042	2
4043	56
4044	60
4045	6
4046	10
4047	56
4048	18
4049	12
4050	17
4051	37
4052	56
4053	18
4054	60
4055	17
4056	56
4057	62
4058	56
4059	7
4060	18
4061	17
4062	39
4063	2
4064	23
4065	56
4066	39
4067	60
4068	56
4069	39
4070	6
4071	56
4072	56
4073	56
4074	6
4075	17
4076	56
4077	18
4078	17
4079	39
4080	56
4081	55
4082	26
4083	48
4084	56
4085	2
4086	39
4087	56
4088	39
4089	4
4090	56
4091	56
4092	45
4093	6
4094	17
4095	56
4096	41
4097	56
4098	57
4099	56
4100	37
4101	17
4102	6
4103	56
4104	56
4105	37
4106	17
4107	6
4108	60
4109	56
4110	55
4111	56
4112	17
4113	17
4114	56
4115	17
4116	17
4117	2
4118	15
4119	12
4120	39
4121	59
4122	39
4123	60
4124	18
4125	39
4126	60
4127	17
4128	6
4129	55
4130	39
4131	56
4132	60
4133	60
4134	56
4135	41
4136	60
4137	66
4138	6
4139	56
4140	6
4141	56
4142	56
4143	59
4144	56
4145	60
4146	17
4147	39
4148	56
4149	56
4150	45
4151	39
4152	18
4153	56
4154	60
4155	56
4156	59
4157	45
4158	17
4159	39
4160	15
4161	37
4162	17
4163	56
4164	48
4165	10
4166	60
4167	17
4168	4
4169	39
4170	17
4171	10
4172	6
4173	2
4174	6
4175	45
4176	56
4177	60
4178	41
4179	4
4180	56
4181	7
4182	17
4183	17
4184	60
4185	59
4186	56
4187	17
4188	60
4189	56
4190	60
4191	2
4192	17
4193	33
4194	2
4195	39
4196	56
4197	55
4198	56
4199	39
4200	56
4201	56
4202	56
4203	56
4204	17
4205	6
4206	39
4207	17
4208	17
4209	39
4210	2
4211	2
4212	17
4213	17
4214	2
4215	17
4216	56
4217	45
4218	18
4219	37
4220	56
4221	39
4222	17
4223	17
4224	2
4225	39
4226	62
4227	60
4228	17
4229	6
4230	56
4231	56
4232	39
4233	39
4234	39
4235	56
4236	39
4237	14
4238	17
4239	17
4240	56
4241	60
4242	56
4243	12
4244	41
4245	56
4246	2
4247	41
4248	56
4249	56
4250	17
4251	39
4252	14
4253	39
4254	60
4255	41
4256	56
4257	18
4258	17
4259	37
4260	17
4261	10
4262	56
4263	17
4264	17
4265	26
4266	19
4267	59
4268	60
4269	56
4270	52
4271	39
4272	37
4273	39
4274	56
4275	39
4276	10
4277	39
4278	56
4279	41
4280	56
4281	60
4282	4
4283	39
4284	17
4285	57
4286	66
4287	6
4288	56
4289	39
4290	10
4291	39
4292	23
4293	56
4294	48
4295	12
4296	55
4297	56
4298	2
4299	56
4300	14
4301	60
4302	37
4303	38
4304	56
4305	55
4306	56
4307	41
4308	56
4309	56
4310	6
4311	17
4312	19
4313	17
4314	6
4315	39
4316	60
4317	17
4318	6
4319	6
4320	18
4321	59
4322	39
4323	6
4324	17
4325	56
4326	4
4327	39
4328	60
4329	17
4330	56
4331	53
4332	65
4333	25
4334	60
4335	2
4336	6
4337	39
4338	39
4339	17
4340	6
4341	56
4342	24
4343	56
4344	38
4345	41
4346	15
4347	60
4348	60
4349	56
4350	10
4351	37
4352	56
4353	56
4354	6
4355	2
4356	6
4357	26
4358	17
4359	15
4360	60
4361	6
4362	10
4363	17
4364	56
4365	65
4366	39
4367	17
4368	63
4369	6
4370	4
4371	24
4372	39
4373	10
4374	24
4375	4
4376	2
4377	56
4378	56
4379	60
4380	14
4381	2
4382	17
4383	37
4384	39
4385	17
4386	56
4387	14
4388	39
4389	57
4390	18
4391	15
4392	17
4393	6
4394	56
4395	17
4396	17
4397	17
4398	17
4399	56
4400	6
4401	56
4402	17
4403	2
4404	10
4405	6
4406	60
4407	17
4408	55
4409	56
4410	65
4411	23
4412	17
4413	17
4414	33
4415	17
4416	39
4417	56
4418	60
4419	6
4420	39
4421	62
4422	17
4423	60
4424	6
4425	6
4426	56
4427	56
4428	2
4429	37
4430	17
4431	2
4432	10
4433	37
4434	56
4435	39
4436	17
4437	39
4438	60
4439	45
4440	65
4441	3
4442	39
4443	56
4444	56
4445	43
4446	53
4447	56
4448	39
4449	11
4450	56
4451	56
4452	24
4453	6
4454	39
4455	18
4456	17
4457	56
4458	17
4459	56
4460	60
4461	6
4462	18
4463	52
4464	17
4465	39
4466	60
4467	56
4468	2
4469	6
4470	2
4471	55
4472	43
4473	6
4474	39
4475	56
4476	56
4477	6
4478	39
4479	56
4480	17
4481	2
4482	45
4483	17
4484	56
4485	60
4486	17
4487	56
4488	39
4489	56
4490	39
4491	61
4492	57
4493	2
4494	2
4495	4
4496	39
4497	17
4498	63
4499	17
4500	17
4501	56
4502	41
4503	17
4504	4
4505	17
4506	17
4507	17
4508	39
4509	4
4510	10
4511	17
4512	2
4513	10
4514	17
4515	53
4516	60
4517	17
4518	10
4519	12
4520	60
4521	37
4522	56
4523	2
4524	17
4525	2
4526	17
4527	55
4528	2
4529	39
4530	56
4531	4
4532	56
4533	39
4534	56
4535	60
4536	56
4537	39
4538	37
4539	56
4540	2
4541	56
4542	37
4543	45
4544	2
